699819643565928448,0.984615384615
699819644748763136,0.983333333333
699819645176561665,0.983333333333
699819646220922880,0.983050847458
699819645986041856,0.980769230769
699819644862013440,0.983606557377
699819655419011073,0.984126984127
699819656421490688,0.984615384615
699819656874487808,0.984615384615
699819661324640256,0.983606557377
699819664193355776,0.983870967742
699819664621211648,0.981481481481
699819665565028352,0.984848484848
699819666244390913,0.986111111111
699819666886291456,0.985714285714
699819667112783872,0.983606557377
699819669008437249,0.983050847458
699819669914423297,0.986111111111
699819671118188544,0.984126984127
699819671789379584,0.983870967742
699819671810342912,0.986111111111
699819674066927616,0.984375
699819674888830978,0.985507246377
699819677804003328,0.984126984127
699819677539823616,0.983606557377
699819678420574208,0.985714285714
699819678605185024,0.982456140351
699819678529679362,0.986111111111
699819679158644736,0.985714285714
699819679804739585,0.985714285714
699819680777822208,0.984615384615
699819681536802816,0.984615384615
699819682182885376,0.983606557377
699819682459680768,0.983870967742
699819682426126336,0.983050847458
699819683948720128,0.984848484848
699819684674187265,0.984126984127
699819684674281472,0.984615384615
699819749300113408,0.983050847458
699819750709469184,0.986111111111
699819751338594305,0.984375
699819751783145472,0.982456140351
699819752211017728,0.985915492958
699819754266169344,0.983050847458
699819754450784256,0.983050847458
699819756505866240,0.982456140351
699819757344813057,0.984615384615
699819759718821891,0.983050847458
699819760977055749,0.982456140351
699819765955739648,0.985074626866
699819767918628864,0.981818181818
699819768686055424,0.985714285714
699819768728129536,0.985714285714
699819768866566144,0.983606557377
699819769042755584,0.984615384615
699819769273438210,0.983050847458
699819770250526724,0.981818181818
699819770632237057,0.983050847458
699819771236200448,0.984375
699819771253149696,0.982456140351
699819771513200640,0.983606557377
699819773807476736,0.985074626866
699819774130450432,0.986842105263
699819776365834240,0.982456140351
699819778685456384,0.986301369863
699819779352354817,0.985714285714
699819780400902144,0.983050847458
699819780371587072,0.983870967742
699819781126422528,0.983606557377
699819781839572992,0.983606557377
699819782569271296,0.985507246377
699819782858739712,0.98275862069
699819784167432194,0.985294117647
699819785706725376,0.984615384615
699819785861926912,0.984375
699819786633662468,0.983870967742
699819786742722561,0.983050847458
699819787405422592,0.985714285714
699819787464134656,0.985714285714
699819787929706496,0.982456140351
699819790295289857,0.982142857143
699819791637442560,0.982142857143
699819791591157760,0.984848484848
699819793269067776,0.983050847458
699819793331941382,0.986666666667
699819795143856128,0.983050847458
699819795462553600,0.982456140351
699819795487842307,0.986842105263
699819796364337152,0.985074626866
699819795923865600,0.985294117647
699819795806621697,0.984375
699819798784516097,0.971428571429
699819799824576512,0.985074626866
699819800906731521,0.985915492958
699819802358116354,0.985507246377
699819802995650560,0.982456140351
699819804237045760,0.983050847458
699819804614639616,0.985915492958
699819806552363014,0.983870967742
699819806774525952,0.983870967742
699819805856161792,0.984375
699819808200769536,0.986111111111
699819808498585601,0.983050847458
699819808758591489,0.98275862069
699819810423635968,0.985714285714
699819811707187201,0.986111111111
699819812961316865,0.983606557377
699819813154267136,0.984848484848
699819814294978560,0.986111111111
699819813905047552,0.983050847458
699819814479622144,0.984848484848
699819815658246144,0.984615384615
699819816157364224,0.985714285714
699819816501252096,0.983606557377
699819816907976704,0.983870967742
699819816467767296,0.985074626866
699819817436459008,0.985915492958
699819817314885632,0.982456140351
699819819097526272,0.984848484848
699819819500175361,0.983606557377
699819821106622464,0.986666666667
699819819554705408,0.984615384615
699819821559492609,0.983606557377
699819822180397057,0.985714285714
699819824034115584,0.98275862069
699819823979720705,0.985714285714
699819825514860550,0.984375
699819827062509569,0.984375
699819828186607618,0.985714285714
699819828387909632,0.986486486486
699819830095060992,0.984375
699819829771939840,0.983870967742
699819830501888001,0.981481481481
699819832385085444,0.983870967742
699819833077018625,0.983606557377
699819833291120640,0.983050847458
699819834184323072,0.983606557377
699819834259939328,0.985294117647
699819835904172032,0.984375
699819837086965760,0.983606557377
699819837913169920,0.982142857143
699819840643575808,0.983606557377
699819840966676481,0.985294117647
699819842472267777,0.98275862069
699819843613278208,0.98275862069
699819843931901953,0.983050847458
699819845173538816,0.983050847458
699819846666756096,0.983050847458
699819846876467200,0.983333333333
699819845613916161,0.984848484848
699819848986075136,0.983606557377
699819848814227457,0.985294117647
699819852429660160,0.986111111111
699819853260070912,0.982456140351
699819853067190278,0.983050847458
699819854887518208,0.985714285714
699819857529987072,0.985294117647
699819859195076608,0.983050847458
699819859736162304,0.986111111111
699819861552324609,0.985074626866
699819862986723330,0.983333333333
699819863494230016,0.983333333333
699819865050324993,0.986301369863
699819865469775872,0.985294117647
699819865784328192,0.986301369863
699819866052812800,0.983050847458
699819864991649792,0.984848484848
699819867755577345,0.984848484848
699819867495653377,0.983050847458
699819867940085761,0.985294117647
699819872210001920,0.982142857143
699819871790616578,0.982142857143
699819872944046081,0.982456140351
699819872814030849,0.983050847458
699819874344800257,0.982142857143
699819873501843458,0.984615384615
699819877041901569,0.981481481481
699819878665084928,0.967213114754
699819878979600384,0.985714285714
699819879990296579,0.983606557377
699819880422498304,0.983870967742
699819881051500544,0.983870967742
699819882523787264,0.983333333333
699819883094274048,0.983333333333
699819883534618624,0.983050847458
699819883442348032,0.983050847458
699819882737754112,0.985074626866
699819887665893376,0.985294117647
699819889155010562,0.983333333333
699819891583483904,0.984848484848
699819893215141888,0.984375
699819893898801152,0.987012987013
699819893848481794,0.985507246377
699819894947344385,0.983050847458
699819895371010048,0.983050847458
699819895630880768,0.983050847458
699819896490876928,0.984615384615
699819898743234560,0.981818181818
699819898751578112,0.986666666667
699819899334557696,0.983050847458
699819901805076480,0.985915492958
699819902174101504,0.985714285714
699819902748778500,0.985074626866
699819903096717312,0.983050847458
699819904501968897,0.984848484848
699819906796224512,0.985074626866
699819906339045377,0.986111111111
699819907593142273,0.981818181818
699819907605794817,0.984848484848
699819908360708097,0.984375
699819909187031040,0.982456140351
699819909853945856,0.983050847458
699819910348693504,0.985294117647
699819910889893889,0.983333333333
699819911586181122,0.982456140351
699819911854559233,0.984375
699819911934275584,0.984375
699819912794128384,0.983050847458
699819914954018816,0.984375
699819917420396546,0.985714285714
699819918078971904,0.983333333333
699819918972162048,0.986111111111
699819919320473600,0.98275862069
699819919182004224,0.984375
699819920368996354,0.985294117647
699819922751418368,0.983050847458
699819923502145536,0.983606557377
699819923586027521,0.98275862069
699819924739362816,0.982456140351
699819926408663040,0.983050847458
699819928916983809,0.984126984127
699819929076396032,0.983050847458
699819929395134464,0.986666666667
699819929588006912,0.985915492958
699819930145976320,0.984375
699819930284220416,0.983870967742
699819930435395584,0.982142857143
699819933706821632,0.981481481481
699819936525524992,0.984615384615
699819937926352896,0.983606557377
699819938698108928,0.986301369863
699819940065386497,0.984615384615
699819940723822592,0.983050847458
699819942271647744,0.983050847458
699819942494003200,0.986301369863
699819942582099968,0.983050847458
699819943890538496,0.983050847458
699819943911518208,0.984848484848
699819943609679874,0.985915492958
699819943865491457,0.985294117647
699819944163307521,0.982142857143
699819947032051712,0.983870967742
699819947023847426,0.983606557377
699819949385187328,0.986111111111
699819949632659457,0.983050847458
699819950509203456,0.983606557377
699819950622560257,0.984375
699819951595638784,0.982142857143
699819951734005761,0.984126984127
699819953604661248,0.985915492958
699819953726365698,0.984848484848
699819954783326213,0.986486486486
699819957031272449,0.983870967742
699819958230888448,0.982456140351
699819958738542593,0.983333333333
699819959736791040,0.983606557377
699819959984107524,0.985294117647
699819960466542592,0.984848484848
699819961615671296,0.983050847458
699819962219692032,0.983050847458
699819962538577920,0.984375
699819964019183616,0.983050847458
699819964430204928,0.986301369863
699819966783160320,0.983050847458
699819967252992000,0.985074626866
699819970138501120,0.983870967742
699819970176352256,0.985507246377
699819972634271744,0.983050847458
699819974580375553,0.986111111111
699819973586378752,0.984615384615
699819976237056000,0.982142857143
699819976866320385,0.981818181818
699819978296578049,0.985915492958
699819978116239362,0.981132075472
699819978875228160,0.985074626866
699819978997030912,0.983050847458
699825595006513152,0.984848484848
699825595526615040,0.985294117647
699825596562591746,0.984375
699825597606981632,0.984848484848
699825598873608192,0.985074626866
699825599863517184,0.984848484848
699825601088253952,0.984615384615
699825602115850241,0.984848484848
699825603122499584,0.985074626866
699825602749190145,0.985915492958
699825603860635649,0.984848484848
699825605542572032,0.984848484848
699825607153213441,0.982456140351
699825606641455105,0.985915492958
699825608038215680,0.985074626866
699825607757193216,0.983870967742
699825607878828034,0.983870967742
699825609195851776,0.985074626866
699825609829191681,0.983606557377
699825610684817409,0.984375
699825611729190912,0.985074626866
699825611666227202,0.986111111111
699825612643528704,0.984848484848
699825613629218817,0.985074626866
699825613662744576,0.98275862069
699825614048641025,0.983333333333
699825614673596417,0.984615384615
699825616225492993,0.983333333333
699825615902474240,0.984848484848
699825616435208192,0.985714285714
699825616670101505,0.983333333333
699825617299206144,0.984848484848
699825617093599232,0.984848484848
699825618343567360,0.985294117647
699825618419118080,0.984848484848
699825620700758018,0.983050847458
699825621262794753,0.983050847458
699825621506117633,0.984848484848
699825622906961920,0.984848484848
699825624735739906,0.983606557377
699825624127512576,0.983606557377
699825625268359168,0.983606557377
699825626094637056,0.983050847458
699825626124066818,0.984126984127
699825629827633154,0.984615384615
699825631039746048,0.985507246377
699825633992536066,0.982456140351
699825634646827008,0.983606557377
699825634877509632,0.984615384615
699825635162791936,0.984615384615
699825636769140736,0.984375
699825638014914560,0.983606557377
699825638677573634,0.985074626866
699825639709401088,0.98275862069
699825639348686849,0.985915492958
699825640569184256,0.98275862069
699825640749600769,0.986111111111
699825640552472576,0.983333333333
699825642158866432,0.986486486486
699825643081592832,0.984126984127
699825644390236162,0.984848484848
699825644344111104,0.983606557377
699825645656870913,0.985507246377
699825650748805125,0.983870967742
699825653009534977,0.985915492958
699825655417085952,0.984848484848
699825656662790145,0.983606557377
699825659644932096,0.981818181818
699825660269883394,0.984848484848
699825660525731841,0.986666666667
699825662723563520,0.983870967742
699825662782238720,0.984615384615
699825664376102913,0.986486486486
699825664757755904,0.984848484848
699825667454717952,0.983870967742
699825669195300864,0.98275862069
699825673947496450,0.982142857143
699825674039775232,0.984848484848
699825674417266694,0.983606557377
699825674597625857,0.983870967742
699825675037974528,0.985294117647
699825677097439236,0.985294117647
699825676979998720,0.982456140351
699825678477295616,0.982456140351
699825678766755841,0.985714285714
699825679345590274,0.986301369863
699825681522421763,0.985294117647
699825684370362368,0.984126984127
699825686261972997,0.985294117647
699825686782017538,0.981818181818
699825687163707398,0.985294117647
699825689126641665,0.984848484848
699825689281871873,0.983050847458
699825690091384832,0.983333333333
699825692205281280,0.983333333333
699825695036416000,0.984375
699825695183278080,0.982142857143
699825694952574976,0.983870967742
699825696118566912,0.984615384615
699825696219209729,0.987012987013
699825696558940161,0.984615384615
699825697578184709,0.983050847458
699825697775288321,0.985294117647
699825702036705283,0.983870967742
699825702703599616,0.985074626866
699825703831891968,0.987012987013
699825703550853121,0.985294117647
699825704490397697,0.985294117647
699825704230379521,0.983050847458
699825705908117504,0.984615384615
699825705652264961,0.983050847458
699825706742718464,0.985074626866
699825706663067649,0.985294117647
699825708563095552,0.983606557377
699825709867466753,0.985074626866
699825712627372034,0.984375
699825712967110657,0.985294117647
699825712048504832,0.984848484848
699825715819184128,0.983050847458
699825715835961345,0.983333333333
699825715848572929,0.983606557377
699825716611977216,0.984615384615
699825715538165760,0.984615384615
699825718486769664,0.983870967742
699825718482567168,0.984375
699825719443062784,0.986842105263
